92 94 97 98 97
26 27 28 31 33 34 37 37
56 59 60 61 62 65 69
42 44 46 48 55
15 18 19 22 21 24 26
25 26 27 29 29 32
23 25 27 32 29
12 10 11 13 15 18 20
48 48 50 53 55 57
47 51 54 55 57 59 62 63
27 33 34 36 37 38
5 4 3 2 1 2
65 63 60 59 59
96 95 93 92 89 87 85 81
67 66 65 62 60 57 56 49
59 57 55 54 57 52
50 48 48 46 44
42 39 36 34 30 32
56 59 58 55 53 51 49 48
46 47 43 42 41 40
83 86 81 80 79
40 40 37 34 33 30 27 26
43 39 36 33 32 29 28
47 40 39 38 35 32
90 85 87 84 81 78 76
61 64 66 69 70 68
68 71 72 75 76 76
4 5 6 9 13
1 4 7 8 10 11 16
11 12 13 15 14 16 19
69 71 71 74 75
42 40 41 44 45 47
24 23 27 29 32 34 36
45 45 47 50 51
30 34 37 39 41 44 46
61 65 63 66 67
26 33 35 37 40 43
47 46 45 44 46
93 92 90 87 85 82 80 80
32 29 27 26 25 22 19 15
22 21 18 17 14 12 6
31 28 25 26 24 22 19 18
38 36 33 33 32 30 28
88 86 84 83 79 80
83 86 85 84 81 79 78
43 43 41 40 39
38 34 33 31 30
17 10 7 5 3
78 79 82 85 88 85
49 50 52 54 54
55 56 57 59 63
35 38 41 44 45 47 49 55
9 12 12 14 17
88 85 88 89 92 95
58 57 58 56 54
74 74 77 80 81 83 85
85 89 90 91 92 93
38 44 47 49 50 51 53 54
56 54 53 52 51 48 47 48
20 17 16 14 11 9 9
25 23 20 17 15 13 9
78 77 75 72 69 62
37 34 35 33 30 29
31 28 27 26 28 24
58 55 54 54 53
77 79 76 74 72 70
79 79 78 77 75 73
59 55 53 50 49
26 22 24 22 20 17
61 54 52 51 50 47
89 88 85 84 82 81 79 75
4 5 8 10 13 14 15 18
86 85 83 81 78 77 75 74
29 30 32 35 37 40 42 44
44 42 40 37 36
82 83 84 86 89 92 95
68 66 63 60 58 55 53 51
24 22 19 18 16 13 12 10
39 38 35 33 30 29 27
14 11 9 6 5 2
17 16 14 12 9 7 6
85 88 89 91 92 94 95
71 74 75 77 78
14 16 19 21 23 26 28
57 59 61 63 65
54 55 57 58 60 63 64 66
11 8 7 6 4
88 87 85 82 79
14 17 18 20 21 24 26
39 38 35 32 30 27 24 21
84 85 87 90 91 93 94 97
46 47 49 52 55 56
59 62 64 66 69 72
39 42 45 46 47 49 52
81 79 76 73 70 67 64
75 78 79 82 83 86 89 91
53 56 59 61 64 67 70 73
35 32 30 28 27 26 25 22
3 4 5 7 9 11
49 48 45 44 41 40 39
16 18 19 20 21
21 22 23 24 26 27 28 30
74 72 69 68 67
54 51 49 47 44 42 40
82 80 78 75 72 69 66 63
66 69 70 73 75
57 54 51 50 49 47 44
68 71 72 74 77 79 82 85
12 14 15 16 17 18
32 31 29 28 27 25
72 74 75 78 81
73 76 78 81 83 85 88 89
50 47 46 44 42 40 38
60 58 56 54 53 50 47 45
84 81 80 79 76 75 74 72
85 86 89 91 93 96
37 35 32 30 27 26 23 21
67 64 61 59 56 53 50
76 73 71 68 67 66 64
68 66 64 63 60 58 55 53
42 44 45 48 51 52 53 56
21 22 25 26 28 29
97 94 93 91 88 85
97 95 92 91 89
6 9 12 14 16 19
66 65 63 60 58 56
22 19 18 16 13 11 9
64 65 67 68 69 72 74 76
50 47 44 41 38 36
22 21 20 17 15 12
53 54 55 56 58 59 61
83 86 87 88 89 90
67 65 64 61 60
68 65 64 63 61 58
13 12 11 8 7 6 4 3
33 32 29 27 24 23 21
79 77 74 71 68
57 55 52 51 48
35 32 29 26 25
79 82 83 85 86
49 51 53 54 57 60
92 90 89 87 84
49 51 52 53 54 57 58
3 5 8 10 12
66 65 63 60 57 55
6 5 4 2 1
75 76 77 79 82 83 85
45 42 39 38 36 33 31
60 59 57 54 51 48
94 92 90 89 87
97 95 93 90 89
23 26 29 31 32 33
27 28 30 33 34
85 87 89 91 94 97 99
78 79 81 84 86
87 84 81 80 78
46 49 52 55 58 60
82 79 78 77 76 74 71 68
93 90 89 87 84 82 80 78
34 31 28 25 22
97 94 92 91 90 88 87
99 97 96 93 91
18 21 24 26 27 30
79 76 75 74 71 70 69 68
52 55 56 58 61 64 67
74 73 71 68 66
92 90 88 85 82 80 78
36 34 33 30 29 27
36 35 34 32 29
15 17 18 20 22 23 24 26
11 14 16 18 19 21
64 61 59 56 53
78 81 83 86 87 88
8 10 13 14 15 18 21
92 89 86 85 82
65 64 63 62 61 58
13 12 10 7 4
71 73 75 77 79
83 82 81 80 79 77 74
66 68 70 72 74 77
88 87 84 83 80
65 64 61 60 58 56 54 53
29 32 34 37 38 40 43 45
75 78 80 81 82
1 3 5 6 8 11 12 15
21 18 17 16 13 11
51 52 53 55 56 59 61 64
65 67 68 71 73 75 77
75 76 79 80 81 82 83
49 50 52 53 55 58 59
83 84 85 87 90 92 95
36 35 33 30 29 28 25 24
8 11 13 16 19 20 23 24
85 88 90 91 92 95
21 22 23 26 27 29
92 89 87 84 83 81 78 76
92 91 89 86 84 83 82 80
18 21 22 25 27 29 32 34
28 26 23 22 20 17 14 12
73 76 77 80 82 83
84 82 80 77 76 75 74
76 75 73 72 70 67 64 63
54 51 49 46 45
39 42 44 45 46
45 47 48 50 53 55
34 37 40 41 42
1 4 7 10 12 13 14 15
69 68 65 63 60
29 28 27 24 21 19 17
19 22 23 26 28 30 32
49 50 52 54 55 57
17 20 22 23 25 26 28 29
12 9 8 7 5 4 3 2
83 85 87 90 93 96 97
9 11 14 15 16 18 21
80 83 85 87 89 91
60 58 56 55 54 53 52
51 50 48 47 46 44
39 36 33 31 30
44 41 38 35 32 29 26
29 27 26 23 20 19 17
89 86 85 83 82 80 79 77
44 46 48 50 52
74 73 71 70 69 68 66
78 77 74 72 69 67
43 42 40 37 36 35 34
92 93 95 96 99
23 26 29 32 34 37 38 40
45 42 40 38 37 36 35
66 67 68 69 70 71 74
56 59 62 63 64 66
61 62 64 67 68
29 32 34 36 39
73 70 68 65 63 62
53 51 50 47 44 43 41
28 30 33 36 38 39 40
42 39 36 35 34
57 56 55 52 51
12 13 14 16 17 20
13 11 9 6 4
49 46 43 42 41 39 38 37
43 44 47 48 49
69 68 67 65 62
72 74 76 78 81 84 87 90
45 44 41 39 38
93 90 87 86 85
60 58 56 53 52 50
97 95 94 92 90 89
68 66 65 63 61 58 56
66 63 60 57 54 53
3 6 8 10 11 13
87 88 89 91 92 94 96 97
94 93 92 89 87 84
36 37 40 41 44 45 47
83 81 80 78 76 73
40 42 43 46 48 50 52 53
39 36 33 31 30 27 24
63 65 66 69 71
13 16 17 19 21 23
69 68 67 65 63 62 60 58
83 86 89 91 94 97 98
79 78 76 74 72
16 17 19 21 23 24 27
87 86 85 84 83 80
21 22 23 26 28 29 31 33
46 48 51 52 54 57
81 79 77 76 74
78 80 82 84 87 89 91 92
53 54 55 58 60 62 64 67
75 72 69 66 63 62 61 60
75 72 69 67 66 65
15 18 19 20 21 22 25 27
79 82 84 87 89 90 91
47 44 43 41 39 38
76 79 80 83 85 88
12 9 7 5 2
41 44 46 49 52 53
83 85 87 90 93 94
32 29 27 24 22 19 16 14
68 67 66 64 61 58 57 56
49 46 43 42 40 39 37 34
72 69 66 65 63 62 59
34 37 38 40 42 44
45 44 42 41 38 37 36 35
25 23 21 20 17 14 11
34 31 29 28 25 22
61 62 65 67 69 72
28 30 32 33 36 38 41
28 30 33 35 36
6 8 9 12 14 15
90 92 93 94 96 98
55 58 60 63 64 67
17 20 21 23 25 27 30
82 83 86 89 91 93 94
83 81 78 75 73 72 70 69
74 75 77 80 82 84 85
81 83 86 87 88
50 48 47 45 43 42 39
42 45 48 49 50
80 81 84 86 89 92
63 65 66 68 71 74
33 31 29 26 23 21 19 16
24 27 28 29 32 33
54 56 58 59 61 64 65 67
75 77 78 80 82 83 85
71 74 75 76 78 80 82
36 38 39 41 44 45